0.0 0.0 0.0 0.0 0.0 0.0 0.0 0.0 0.0 0.0 0.0 0.0
0.9999922838655194 -0.0024643141975030963 -0.0030593079214675366 0.0033301813946161147 0.0024625185718952403 0.9999967936115262 -0.0005905666347652896 -0.044429771771506636 0.003060753453880514 0.0005830284752999446 0.9999951459212647 0.9990069595714589
0.999970371340523 -0.0010714798077710221 -0.0076228847635143515 0.006884207850651973 0.0010544000230123978 0.9999969257653101 -0.002244259459293581 -0.04739183465474583 0.007625266007671617 0.002236155395024203 0.9999684269652523 1.8583379657136154
0.99993442450596 -0.0008737368266238028 -0.011418549465326475 -0.017538045110913173 0.0008364735348841446 0.9999943109852198 -0.0032677682324268914 -0.05954477180655908 0.011421339674475346 0.0032580026324761156 0.9999294667219717 2.7183429687707417
0.999863133822301 -0.0006459640052583947 -0.016531677275800755 -0.03226415816253875 0.0005755648762244624 0.9999907484087869 -0.004262841998907755 -0.05176293429237209 0.01653427797397193 0.004252743507232184 0.9998542552915104 3.577611914840573
0.9997646547506602 -0.0017238848834785815 -0.02162552501562811 -0.03738130905604018 0.0016290377975271377 0.9999889810152194 -0.0044027359672494035 -0.06611873532576872 0.021632876534276965 0.004366471006613573 0.9997564466327791 4.437912204969237
0.9996636629802145 -0.0011142367376874498 -0.025909831984605385 -0.0713156178066945 0.0009703575547962038 0.9999840445584857 -0.005564982899403998 -0.08108507588385351 0.025915619290187587 0.005537969388430722 0.9996487941131418 5.296509575383155
0.9994806302818084 0.0011199333871442223 -0.03220582929665783 -0.07737257062171554 -0.0013292940375168847 0.9999781208512155 -0.006480030573667863 -0.08167344112309315 0.03219786745793772 0.006519476058872313 0.9994602512171651 6.157026289112663
0.9993680994824635 0.0023327684653556215 -0.03546773079989633 -0.13826183962398278 -0.002493839894951116 0.9999867752343368 -0.0044977904589387765 -0.10234331203118391 0.035456769443721475 0.004583399144872201 0.9993607006246009 7.01406330956412
0.9991936519976222 0.0018347545769062455 -0.0401083468033054 -0.16335892513264 -0.0019373537690400308 0.9999949497983672 -0.0025193328752421106 -0.09549925163421964 0.040103521890543274 0.002595005473060204 0.9991921604369046 7.873976412275355
0.9990146811177534 0.0011989585879556425 -0.04436473159498568 -0.19291038235417138 -0.0011796425550642904 0.9999991976983227 0.00046156923105246443 -0.1087512047083912 0.04436524940348061 -0.00040877991284019374 0.9990152939491715 8.733964738254548
0.9988851169232214 0.002503548707683358 -0.047140804332853156 -0.2384666265881329 -0.00253832712501352 0.9999965486622411 -0.0006779078214726664 -0.09918930237235396 0.047138944458764785 0.0007968108158479341 0.9988880242588942 9.591836604013222
0.9988358064752384 0.0025103195212232052 -0.04817395560736221 -0.31241035788288785 -0.0025510341816429778 0.9999964390168078 -0.0007836952908048072 -0.11108003595708893 0.04817181673512878 0.0009056763252411479 0.9988386535486253 10.449003304441206
0.9987310620780738 8.626666444350238e-05 -0.050361276775553875 -0.34270521442484975 -0.0002018925609832135 0.9999973556282266 -0.00229084612066714 -0.10579628187930139 0.050360945977961515 0.0022981067462938855 0.9987284384784421 11.308810592071868
0.9986394956504069 0.00033315462461124245 -0.052144479430670104 -0.39994229524650854 -0.0004122014654033252 0.9999987822718728 -0.0015051726559215852 -0.10631928594302063 0.05214391447763966 0.0015246188928102857 0.9986384169058286 12.16649527246203
0.998593642909963 -0.0024486681303159254 -0.05295979951052931 -0.45204324231716153 0.0023717220261128993 0.999996038765492 -0.0015157136787188998 -0.11005318455074731 0.05296330120412373 0.001387976121042675 0.9985954948065049 13.020770799673677
0.9984882582468321 -8.494935490375455e-05 -0.05496536115421534 -0.5031110098410643 -0.00011434512515659852 0.9999934315920378 -0.003622664485341682 -0.1265715349028217 0.054965307862310554 0.003623472973281886 0.998481690055062 13.882768469959311
0.9983979128563204 0.0005352002849393929 -0.05658021884720231 -0.544670070213177 -0.0009081507768758356 0.9999780310265413 -0.006566028209535263 -0.12283054137025681 0.05657546169770739 0.006606892229857664 0.9983764651216263 14.752492396927511
0.9982315752056006 0.004052571136459575 -0.059306820263174485 -0.5843261783668465 -0.004549031420432613 0.9999557163061151 -0.008238430667318655 -0.12655634731976387 0.05927080711176846 0.008493650211082806 0.9982058050975314 15.633206904647091
0.9982032001082589 0.004643874022957106 -0.05973948215116829 -0.6538506425648903 -0.005112640700227435 0.999957312310226 -0.007696392816105787 -0.14391817902856305 0.05970119093201764 0.007987990446183622 0.9981843315790575 16.52224583570731
0.99811666661462 0.0038880533369912724 -0.06122093487826074 -0.7004810291243441 -0.004314757313410237 0.9999673032636139 -0.006839245062288797 -0.15323584772990287 0.06119234180390466 0.007090517960232007 0.9981008074636595 17.422712388828824
0.9980862624011987 0.005472073701341221 -0.06159439272703717 -0.7632802475664325 -0.005873141314526406 0.999962703616619 -0.006332265537785518 -0.15583165067515645 0.061557444855232575 0.006681899815808618 0.9980811756554402 18.326695062724767
0.9980168063865591 0.004554947762754992 -0.06278301219957257 -0.8257700533336277 -0.00495669586028923 0.999968216769391 -0.006244727151166777 -0.1690184925306494 0.06275257234665119 0.00654353894482904 0.9980076636789695 19.23750409385152
0.9979218804838994 0.005216877474489407 -0.06422386348464346 -0.892250511397952 -0.005698845391912913 0.9999569431212352 -0.007323596441186362 -0.17587834842182193 0.06418289190023323 0.007674379000964205 0.9979086432606301 20.15016040829035
0.9980194458831751 0.005119713381471342 -0.0626974814002253 -0.9942129957767829 -0.005675000303131111 0.9999462095124335 -0.008681731006862136 -0.17179088393486905 0.06264966089772132 0.009020344594727182 0.9979948163055719 21.062981588795697
0.9978783259939666 0.005675963209135641 -0.06485853801256575 -1.0396675041206747 -0.006174355565091445 0.9999529141557626 -0.007486441394544782 -0.1788719054123597 0.06481299132762451 0.007871017281561888 0.9978663854655679 21.990537837128674
0.9978894947974148 0.007475723587023386 -0.06450325363740433 -1.1098493052706666 -0.007769557380166676 0.999960546725621 -0.004305690457157455 -0.1900237777684923 0.06446852062113113 0.0047977650053901725 0.9979082078527437 22.923983894933006
0.9979545598077759 0.007430116611217313 -0.06349401488339466 -1.180692198293553 -0.007472842205704412 0.9999719831135674 -0.0004354506715486367 -0.21144749013906397 0.06348900052952239 0.0009090407374735876 0.9979821243172138 23.858390492904025
0.9979573048162116 0.0035493078060579754 -0.06378573647816389 -1.225158800094343 -0.003388104235743558 0.9999907880455812 0.00263525590109157 -0.22146773145866144 0.06379450222120749 -0.0024137601526126604 0.9979601371038187 24.80129762765516
0.9980743502454289 0.0043996625700233995 -0.06187272704056336 -1.2918492383976585 -0.004161549295468899 0.9999834332366015 0.003976777564794517 -0.24913476337208046 0.06188919848913468 -0.0037116332804284693 0.9980761247964821 25.74542174770134
0.9981042442509662 0.005119982323332222 -0.06133272690185536 -1.3381571386817745 -0.005033841209994257 0.9999861150055669 0.0015589223022980541 -0.2700204687679326 0.06133985695191485 -0.0012472277581812763 0.9981161587571042 26.693489977866236
0.9981402297142025 0.005800740418218843 -0.06068305559776094 -1.39557017564773 -0.0059716905554158565 0.9999786946675044 -0.0026361189243178764 -0.2911824200189791 0.06066647128349292 0.0029935967786595317 0.9981536042315006 27.644828502623305
0.9982535342123118 0.005929318779236692 -0.05877690542589488 -1.4618554390888745 -0.006269603466058383 0.9999646278399111 -0.005606705036412864 -0.3054777971853487 0.058741582418324424 0.005965421007867489 0.9982553983060595 28.602465767263322
0.9983506010397931 0.003106633805075895 -0.05732736022080534 -1.5378053316727232 -0.0033576507071793353 0.9999851915555337 -0.004282855515827834 -0.3287013671307555 0.05731320602804725 0.004468276629979439 0.9983462480115523 29.56907806375758
0.9983994975396877 0.0011858780692223145 -0.05654234701270226 -1.6142808451242747 -0.0011306234537054405 0.9999988515972772 0.0010092049992309322 -0.34828059358572305 0.05654347887339283 -0.0009436616604865702 0.9983996917565449 30.54291395427396
0.998339974279214 -0.003002281497465324 -0.05751766739002071 -1.6624241951341583 0.0032537826313312466 0.9999855495602212 0.0042794356320080195 -0.35911809402897527 0.057503988164014225 -0.00445948164593676 0.9983353165989278 31.522501498720324
0.9982003178361791 -0.010969351092352444 -0.058955905627528074 -1.7070428205579402 0.011180718601716114 0.999932191088157 0.0032564946164010877 -0.3727105749831707 0.058916186258943064 -0.003909803351854045 0.9982552761866327 32.50200976667767
0.9981851556747516 -0.011077376853187198 -0.05919194803875251 -1.7792531316314348 0.01101134099984727 0.9999383340437781 -0.001441693150090443 -0.3700507338725515 0.05920426808900623 0.000787293977158359 0.9982455784065551 33.47991412537536
0.9980454384476063 -0.011244101748351719 -0.06147253833864214 -1.8274993552778906 0.010970022952794424 0.999928334325579 -0.004794247520547784 -0.3935095256391474 0.06152203987465151 0.004110521712130073 0.9980972609024208 34.464284065876754
0.9979117014029488 -0.01000159135179921 -0.06381382588045906 -1.9022148759648947 0.009681003115167598 0.999938927215747 -0.005331042797193065 -0.40400621800372255 0.06386324750397515 0.004702128140859426 0.9979475815939393 35.47482382373038
0.9978866103224526 -0.010921383148522925 -0.06405494773463162 -1.9865744682192372 0.010671279444511067 0.9999340482032603 -0.004245354974259436 -0.4073694309196538 0.06409708834401383 0.0035528346377995406 0.9979373430390583 36.53190602244605
0.9978663689791879 -0.008628092136716304 -0.06471681146633598 -2.0830841251186714 0.008569001853812937 0.9999625766641398 -0.0011905790371464257 -0.4230249677159936 0.06472466197299324 0.0006334803033521767 0.9979029596284331 37.5719543962142
0.9977977539615176 -0.008900038629062077 -0.06572998936367944 -2.1479925580409893 0.008912819290510335 0.99996027515657 -9.879823417349515e-05 -0.4319970630163422 0.06572825755824398 -0.00048725886101194297 0.9978374410379472 38.616442372910676
0.9977579106019416 -0.0077976473279691505 -0.06647065914667961 -2.2372766731303115 0.007959616541517143 0.999965962417507 0.0021722133736768435 -0.4256361402428995 0.06645145849232656 -0.002696424035170867 0.997786015617409 39.64762741224658
0.9978094289785693 -0.007911330042594554 -0.06567917705343332 -2.3179374231248806 0.008287440948101632 0.9999507739375401 0.005456008087061118 -0.4588267988004832 0.06563277964546962 -0.005988368615203144 0.9978258754298452 40.68183345773453
0.9977912664117493 -0.0021770064736157165 -0.06639163588321266 -2.4229672305387355 0.0026567788410542348 0.9999709879482396 0.0071389626704894725 -0.44377956839637095 0.06637416815768747 -0.007299582497291338 0.9977681022646192 41.70210868893088
0.9977759462707286 -0.001410181191601898 -0.06664212205922514 -2.495789919939156 0.00182900819401836 0.9999789572802816 0.0062241244899637746 -0.44102393985514393 0.0666319425844393 -0.006332170689993452 0.9977575295841048 42.7243760436321
0.997710535020848 -0.002247482121596172 -0.0675916942569422 -2.5601028017653844 0.002550375258283989 0.9999870885485811 0.004395261331664345 -0.4443752454778026 0.06758094327880285 -0.004557582719469612 0.9977033850525422 43.734845514312845
0.9977173567903758 0.00042902608405807766 -0.06752697161758602 -2.642401433671636 -0.00028497773044107834 0.9999976635615947 0.0021428156815238336 -0.4561156681112115 0.06752773316879686 -0.0021186807147436917 0.9977151479481062 44.7393252095306
0.99756102063637 -0.0008714606221888851 -0.06979434549664278 -2.7024332946782437 0.001031646761517055 0.9999969160730404 0.0022591036647471004 -0.46589746335456 0.06979216153609384 -0.0023255968680322083 0.9975588432705742 45.741136426742656
0.9974868921267891 -0.0027344723893728867 -0.07079846535051391 -2.7906025925738955 0.002985670041520646 0.999989617478072 0.0034424860874502907 -0.4765169100044233 0.07078831690073806 -0.0036452156055430886 0.9974846999295522 46.738888174036255
0.9974242709346266 -0.0028238711935132635 -0.07167181804592031 -2.8736749296964876 0.0031434129657793124 0.9999856155104977 0.004346001267534155 -0.475274624373425 0.07165851453561972 -0.004560101267877668 0.9974188000889969 47.73305070639271
0.9973714798283162 -0.00041132584200522995 -0.0724566217548349 -2.939940305356644 0.0004677214498129874 0.9999996007754882 0.0007613708094675049 -0.48354162655979777 0.07245627965688621 -0.0007932590471123357 0.9973712740390945 48.71983009921943
0.9972832984438036 0.0010742089357558189 -0.07365370812258365 -3.010292447800753 -0.0013381339121609854 0.9999928598491106 -0.003534069669663964 -0.49745872621165454 0.07364938589477536 0.003623027181687991 0.9972776151259802 49.69774476738777
0.9973043398921474 0.0006562295788506968 -0.07337317626370816 -3.1193776799302135 -0.0009929596696795218 0.9999891425198195 -0.0045528972720847395 -0.5017273330565984 0.0733693918700417 0.004613480813399463 0.9972941632895502 50.676160256069274
0.9973122576540129 -0.0012260852313232772 -0.07325815618795073 -3.2116915330589997 0.001148605873799533 0.9999987356368509 -0.001099740535963395 -0.5190575402012073 0.07325941193866711 0.0010126399682541737 0.9973124049778458 51.65522964843421
0.9972877872067016 -0.0028445447368795115 -0.07354575483056257 -3.266971073563571 0.002992368138890118 0.9999937181464542 0.0018998422437853397 -0.5374938251279354 0.07353988864064635 -0.00211476544085202 0.9972900343159209 52.63264002901378
0.9973122655566634 -0.004041690299933558 -0.0731567475339837 -3.359317215511447 0.004232266067956111 0.9999880421428173 0.0024502031150702716 -0.5517057832292733 0.07314596977388169 -0.002753236439994763 0.9973174453477404 53.60073935901265
0.9972591905027078 -0.00716082492544163 -0.07363986382570611 -3.40934451925558 0.007267989585236429 0.9999728828577391 0.0011873822340461582 -0.5717931967422806 0.07362936428674506 -0.0017193416088855812 0.9972841924843495 54.56466044651539
0.9970478576881512 -0.01049443995849104 -0.0760620549907948 -3.449496583197691 0.010501491499460149 0.99994481060945 -0.00030726457072889304 -0.580838896665936 0.07606108174192475 -0.0004924075419285346 0.997103038496554 55.52963299808153
0.9970065637134745 -0.011336491278861755 -0.07648134333110804 -3.5243337565386508 0.011452504237116547 0.9999338363661435 0.0010784418312828473 -0.6061174335176455 0.07646405730109596 -0.0019511164929319805 0.9970704293506479 56.487390557591226
0.9967046723134991 -0.014159043929960266 -0.07987063079397054 -3.567254200659508 0.014669807383556792 0.999875502679293 0.005811703120300185 -0.6261377105000678 0.07977839895464536 -0.006964238423452811 0.9967882956994503 57.45056140608801
0.9966179865846952 -0.01564867039761874 -0.08067036587651172 -3.6330952264585417 0.016537456902545142 0.9998095615462631 0.0103611369967473 -0.6233770183776481 0.08049286511896526 -0.0116601781914218 0.9966869814086488 58.41233966408553
0.9967202711117467 -0.012770710141012123 -0.07991001262305866 -3.7310661113415176 0.013843271739359116 0.9998211861587527 0.012882528309820089 -0.636348539341566 0.07973120457181951 -0.013946493129005243 0.9967188321422091 59.361546725121805
0.9965554311379328 -0.012451034005921853 -0.08198929455525784 -3.8016234922316894 0.013219393142666248 0.9998735847831716 0.008835275761868214 -0.635366816571045 0.08186892154184648 -0.009888690764306924 0.9965940464805834 60.30253993961558
0.9964349313568596 -0.009854630678778509 -0.08378731303742942 -3.8699977766563864 0.010019204456189023 0.9999486146044482 0.0015439212117452882 -0.650384594339724 0.08376779281986806 -0.0023778992468025456 0.9964824647133838 61.22722525605858
0.9963839473888667 -0.007715283806503647 -0.08461385100302476 -3.9424972735925135 0.007494483676661117 0.9999676326492956 -0.0029268358652192036 -0.6641937252110226 0.08463369364619026 0.0022821151475847846 0.9964095191487568 62.14180912872887
0.9962995621370478 -0.003497649977927038 -0.08587752284594358 -4.030648129373903 0.003375856110102715 0.9999930796478433 -0.0015634103566459464 -0.6814781451309774 0.08588239680544277 0.0012677148935468791 0.9963044749562764 63.05119593166481
0.9961828646553069 -0.00023490293810885947 -0.08729057788646394 -4.104360697267465 0.0003106436192788294 0.9999995870055377 0.0008541014534913983 -0.7003729355237905 0.08729034120499801 -0.0008779574936889694 0.9961825262084025 63.94959230386393
0.99604395342636 0.0024336488463980142 -0.08882860010196687 -4.167749392345984 -0.002175757378371867 0.9999931331394822 0.002999958951484585 -0.7343620509770379 0.08883529097500178 -0.002794821492071193 0.9960424087608994 64.83262886799474
0.9959508461348632 0.0003044824939448515 -0.08989893978048896 -4.245718714956752 -4.558264520059223e-05 0.9999958461696649 0.002881937826590988 -0.7410602571327539 0.08989944385516295 -0.0028661705854254294 0.9959467230031475 65.70090970652909
0.9958516304397973 0.001624153158146373 -0.09097742729332006 -4.336540034477294 -0.001234038536902638 0.9999898028118736 0.004344124901230925 -0.7648966454196581 0.09098355510355674 -0.004213834214456746 0.9958434798209665 66.55384164853793
0.9958962912610704 0.0019381603051611867 -0.09048105098344965 -4.431711425441305 -0.0014848153349710862 0.9999860074218747 0.00507742886501843 -0.7813047768060635 0.09048962579135367 -0.004922244923789188 0.995885233914557 67.39446735360791
0.9957621554165912 0.0012231721878397663 -0.09195778210622617 -4.5079801317020705 -0.0006622108101927278 0.9999809892234245 0.006130470502670496 -0.8088388607713303 0.0919635325383937 -0.006043595084064862 0.9957440352025818 68.22228019973045
0.9955602996167302 0.0007919288979255754 -0.09412259386385216 -4.581161723254161 -0.00012562948521920706 0.9999748947834729 0.007084773815332038 -0.8175029656863824 0.09412584153287307 -0.007041494969294081 0.9955354053494667 69.03857195255168
0.9954604892604212 0.0032346436064998553 -0.09512072015147607 -4.671617315462845 -0.002255871590270579 0.9999434204804905 0.010395522167913169 -0.834714207050141 0.09514896407615157 -0.0101337514531526 0.9954114635248693 69.84086147788457
0.9953854352868159 0.004917014533571857 -0.09583140501394245 -4.77309811242863 -0.0035462660272570262 0.9998890324653487 0.014468820020000408 -0.8369599467468276 0.09589191423750826 -0.014062209057749452 0.9952924168606346 70.63140098136141
0.9951279770037602 0.006521118215684907 -0.09837573075517124 -4.837589067174822 -0.004892650221244572 0.9998471389687307 0.016785728159803875 -0.845030607901864 0.09847015465718297 -0.016222629665356304 0.9950077662654355 71.40809593656225
0.9948661894792472 0.006769349187042866 -0.10097247616365171 -4.899238450029404 -0.005451010730232376 0.9998963385507057 0.013326613782561017 -0.8613771417997896 0.10105222171260918 -0.012707795421491894 0.9947999600032519 72.16204249836102
0.994833170708314 0.007149023256548143 -0.10127119000442379 -5.009975988538927 -0.006520601355549472 0.9999573868026764 0.0065350085480115495 -0.8712534408357355 0.10131359344331281 -0.005840894215603276 0.9948373936168492 72.88757003175117
0.9946341500893949 0.0067699838517505 -0.10323310900377977 -5.069992671052601 -0.006729426695216363 0.999977082494768 0.0007411488403883321 -0.8837512231774617 0.10323576072414557 -4.247230738913534e-05 0.9946569136661196 73.60093793230921
0.9945895884760068 0.008837317771612521 -0.10350580809656475 -5.153302993684306 -0.008908275386552925 0.999960295599009 -0.00022328273128145504 -0.9000375197471236 0.10349972524000627 0.001144132922450959 0.9946288241525577 74.29405184197272
0.9945318329455026 0.011411239129982752 -0.10380855879728335 -5.239937385369086 -0.011029975402394457 0.9999301527439518 0.004246089504221573 -0.9250851384464627 0.10384976119699739 -0.003077865327392048 0.9945882333128387 74.96805798555519
0.9944523088146577 0.011423899003536356 -0.10456624706254264 -5.321629861907484 -0.010799848774840509 0.9999203432158771 0.006532265264194621 -0.9392236846395384 0.10463254159021664 -0.00536672661854004 0.9944964703234366 75.62266732523616
0.9944052110551053 0.008780628711467698 -0.10526716860386241 -5.40830138329061 -0.008502630801444911 0.9999590796999734 0.003089368064030179 -0.9507018586180671 0.10528998763366385 -0.002177035831586715 0.9944391781396645 76.25053225098074
0.9945539781318766 0.0007202471974960028 -0.10422027550349071 -5.484043634115686 -0.0009402434284207017 0.9999974325347946 -0.002061762865427539 -0.9816734996004016 0.10421852294263421 0.002148526888925918 0.9945521018568427 76.85926406915999
0.9946632999849627 -0.0023199502541092066 -0.10314813373897279 -5.540016064428523 0.0015943952030390595 0.9999734098668285 -0.007116000508951719 -0.9974111033662385 0.10316189978354949 0.006913565659292814 0.994640550672917 77.45318403102486
0.9950611852784923 0.00016617790459504957 -0.0992633363183868 -5.607816754403425 -0.0008442449364105353 0.9999765979157479 -0.006789025801414888 -1.0080134367891807 0.09925988516334544 0.0068392986299002445 0.9950380390676582 78.0335558148858
0.9957945535397674 0.0054485566644574285 -0.09145228466692411 -5.761720385751956 -0.0058342356967135845 0.9999751774665099 -0.0039504613218701795 -1.020003128723603 0.09142849027716274 0.004467402052037861 0.9958016235599058 78.58494917445957
0.9962354351355406 0.003382525356281417 -0.08662283938145394 -5.818119410548413 -0.0034999945777774485 0.9999931498742317 -0.0012042601737337231 -1.0248349295178647 0.08661817256353709 0.0015029061263430363 0.9962404496179269 79.1390870006771
0.9967131742732567 -0.0004565531981073902 -0.08101012152376671 -5.840317216882638 0.0007018318657438827 0.9999952557905553 0.002999304655053594 -1.0404771849376593 0.08100836785265145 -0.003046301948083983 0.99670876608079 79.68248859772049
0.9974964036973495 -0.0050920610518764555 -0.07053364817650463 -5.907491727206012 0.005615556745049967 0.9999581270424893 0.007225626901535769 -1.071532034323427 0.07049390139073182 -0.00760362255251316 0.9974832303306119 80.2092957303283
0.9982497351612668 -0.0016709285371992169 -0.059115769878035046 -5.939495617521835 0.0021600248198937137 0.9999639595279599 0.008210599121998261 -1.092695329603017 0.059099919993404325 -0.008323919929235646 0.998217367016716 80.7205004007545
0.9990245709150939 0.0032617329018017286 -0.044037118506759815 -5.960376577098931 -0.002895261575856343 0.9999606698509323 0.008383090819148733 -1.102621764278293 0.044062729923469275 -0.008247414731420091 0.9989947226997444 81.22199118925093
0.9996521847947931 0.008077663518523253 -0.025104995261236284 -5.980658634853917 -0.007847220962966783 0.9999262955573174 0.009264155448753558 -1.1043938827861854 0.025177977642051663 -0.009063928789537707 0.9996418931981362 81.70966325420773
0.9999770733518752 0.006148079816978638 -0.0028379367806084348 -5.970595559912335 -0.006121477577663173 0.9999381173460186 0.009289186765576097 -1.0960601027514496 0.0028948718232196546 -0.009271601429292176 0.9999528274494067 82.18411978104032
0.9997261846831361 0.002706858646860977 0.023242817711159547 -5.936241123314912 -0.0029510643725077774 0.999940740666589 0.010478853669298268 -1.1025376094655173 -0.023213075581609836 -0.010544575449926225 0.9996749296899582 82.64306916890662
0.998466272499872 0.0004319406276400936 0.05536168447124911 -5.911455512645143 -0.0011440993463158237 0.999917002992541 0.012832698979588905 -1.1236212422030127 -0.0553515466530567 -0.012876356383279178 0.998383896970201 83.09693546311044
0.9961539283443556 -0.00062366624694792 0.08761827483184993 -5.847030276959172 -0.0006819544973233507 0.9998891952350608 0.014870514121794033 -1.1294733288779766 -0.08761784054723329 -0.014873072735496212 0.9960431244304856 83.54243803148277
0.9925373847470751 -0.0014025813292113025 0.12193265618791257 -5.752150282421485 -0.0005850091478569809 0.9998675710935637 0.0162633957018601 -1.1323616259682576 -0.12193931951475348 -0.01621335995632478 0.992405123583713 83.96974368024658
0.986893334612969 -0.0019059411179376464 0.16136267686468778 -5.627814998315131 -0.000806319446117711 0.999859529112403 0.016741322889063184 -1.1335577290857983 -0.16137191808190396 -0.016652009836054707 0.9867531680329109 84.39046083557248
0.9788624109117229 -0.0018275478727294602 0.20451171255664283 -5.484649905731972 -0.0014890379388698895 0.9998698885074156 0.016062030450284957 -1.117643717857855 -0.20451445736204948 -0.01602704354964443 0.9787323283742919 84.79760544296069
0.9670676269016716 -0.0008062706434993358 0.25451828014193323 -5.367792633796659 -0.0029327185286224335 0.9998932965514616 0.01431064895398028 -1.1225233821346576 -0.25450266041986397 -0.014585795799394601 0.9669620728860611 85.19385319744566
0.9517998236995304 -0.0017178133583658547 0.30671508721091295 -5.206186350658471 -0.002607482481938155 0.9999028646136301 0.013691689909004653 -1.147357834067214 -0.30670881409023215 -0.013831502258388279 0.9517028910876743 85.57707290006084
0.9322053808664768 -0.00250466919240796 0.3619210611664008 -5.030504091792392 -0.0018125743011284852 0.9999312061355278 0.011588682873954512 -1.1365122376573866 -0.3619251890349406 -0.011459041346763092 0.9321367109568387 85.93286172999122
0.908274516635246 -0.0025475847277087564 0.4183669588328599 -4.822726007821076 -0.0021545400727387143 0.9999397184741788 0.010766493154992528 -1.1367544085959942 -0.41836916758775694 -0.010680319744122858 0.9082142755881385 86.2784250879568
0.8774832379490758 -0.003159366949751525 0.4795968989879666 -4.644138537036642 -0.002236441259091292 0.9999404767991539 0.010679006937769355 -1.1506273409093315 -0.47960209074699395 -0.010443239878463196 0.8774239415994691 86.63256428475073
0.8444018162517962 -0.0069268120133301105 0.5356655598281373 -4.400631233444748 0.0014103190853833759 0.9999416806588183 0.010707300373878226 -1.146277822632773 -0.5357084876224499 -0.008285804520447668 0.8443623403093669 86.92241759442334
0.805907051902784 -0.006856884264724465 0.5920023706299967 -4.165250697016677 0.001673861730453527 0.9999553220025826 0.009303342712158803 -1.1482183862434838 -0.592039713093858 -0.006506699385461164 0.8058825230657649 87.22996155011212
0.7660265425541093 -0.008923799562857009 0.6427469968066379 -3.894539616932299 0.002956273684038251 0.9999419663390764 0.010359749024345576 -1.137874839141521 -0.6428021441691754 -0.006035706694692812 0.7660084684232931 87.48719227579997
0.7237838792224331 -0.007938457468624635 0.6899810700814474 -3.5930695602235443 0.00042093547454303095 0.999938713837684 0.011063063859796033 -1.136312177005071 -0.6900266074515097 -0.007716829767367151 0.7237428628644942 87.7317126932932
0.6787533157411152 -0.009307927700111834 0.7343073599334038 -3.2833603869134222 -0.0007360959109778322 0.999910546198219 0.01335506512117503 -1.1519413189643013 -0.7343659813289546 -0.009605315377982631 0.6786857471490341 87.9574187253818
0.630798348537061 -0.01175898719261346 0.7758576993902396 -2.9740277957881287 0.0017349409204434002 0.9999040403297302 0.013744093723671276 -1.1476065562489088 -0.775944864963295 -0.0073236843519156394 0.630758218483595 88.1711905049644
0.584047425315866 -0.016966901001346596 0.8115421919113718 -2.638997076544115 0.004740863368697047 0.9998357694207572 0.017491666625082183 -1.155450185447085 -0.8117056912430848 -0.0063685522070762186 0.5840319446283414 88.35105525098442
0.5375560001421834 -0.016530787033562366 0.8430659996650225 -2.306864428640493 0.004849353629283187 0.9998518915144616 0.016512988958188844 -1.15329045393205 -0.8432141071403525 -0.004788331129552992 0.5375565471692089 88.51634738873244
0.48969807742209276 -0.011107688296338843 0.8718213189810247 -1.9627644175244683 0.001529374466412458 0.9999282508897048 0.011880828523242893 -1.1692458777389683 -0.8718907351169837 -0.004484677621487528 0.489679929835588 88.67743163394312
0.44449681946489805 -0.008072097069721652 0.8957440587212868 -1.6057666015861796 0.001626700780088602 0.9999650228875638 0.00820407496600164 -1.1769064380828744 -0.8957789522701172 -0.0021895776699550067 0.4444944031362682 88.81069186078845
0.4007068861931746 -0.010734400741139025 0.9161434189023558 -1.2524771901516023 0.0030643308892961494 0.9999414728784732 0.01037596712753985 -1.187889842268827 -0.9162011794543587 -0.0013503549013485006 0.40071632772832044 88.94031654514876
0.36046122084711446 -0.02788478242760753 0.9323573066021266 -0.8790715767804007 0.00917837423025982 0.9996107020631446 0.02634770895766317 -1.161067386414429 -0.9327290419579977 -0.0009398030610892568 0.3605768310059735 89.043829454183
0.32219268624502934 -0.030846502858343984 0.9461714253726021 -0.5128739259828387 0.006846871252460757 0.9995187864774668 0.03025418702701225 -1.1659749973617861 -0.9466493507546769 -0.0032693638561058385 0.3222488448012078 89.16450702757457
0.28804538067914853 -0.031818075329416086 0.9570880151541632 -0.14204200290423769 0.00952316064664001 0.999493608765637 0.030361743163778092 -1.150141295331567 -0.9575694064038855 0.00036894305359736504 0.28820252566610366 89.26935553981201
0.25674913842858 -0.020519257571703104 0.9662602340906347 0.23337835411022778 0.010513373506200657 0.9997747400794658 0.01843740970302942 -1.156329258065906 -0.9664208963457319 0.005424865689079874 0.25690702975698226 89.36946460080715
0.22750997627103686 -0.014888046482587014 0.9736619314572614 0.6173169857712097 0.012609487188326815 0.9998443257017373 0.0123420093537009 -1.157117068812835 -0.9736941057282757 0.00946944739527832 0.227662289446515 89.45640731508225
0.20148748482475606 -0.015686179428164245 0.979365476844034 1.0140020613505194 0.015029365115665588 0.9998035572424004 0.012921497965119922 -1.1567970803223568 -0.9793757765246189 0.01211572120801066 0.2016836573855113 89.53386203177531
0.1780050214407313 -0.02235089289720817 0.9837757111906065 1.4234161704382613 0.01879846122135065 0.9996368079512065 0.019309843210981052 -1.1564111466155877 -0.9838500039119686 0.015056220502539436 0.17836053382568945 89.57379571847044
0.15754593468066705 -0.02834703061757993 0.9871047180116008 1.8452891404510479 0.02734646416931715 0.99932980136387 0.024333495504850717 -1.1406046098608655 -0.9871329441179731 0.02316018050911276 0.15821553866720628 89.61480931613526
0.13714220507395788 -0.02919263952327231 0.9901211064234102 2.270793755813993 0.03457918586146944 0.999097484562803 0.02466771666444851 -1.1194538533687957 -0.9899476226006083 0.030854596706881007 0.13802788982464914 89.66992044286702
0.1193231666153041 -0.02707871918921412 0.9924861333419069 2.7176055903397214 0.0350797407973982 0.9991188469077622 0.023042168719345134 -1.1042804789880674 -0.9922355535327636 0.03206669176537398 0.12016793908834805 89.72443393113053
0.1039417024000596 -0.024152363949881257 0.994290091380685 3.183885757892611 0.029765365217967275 0.9993328478607597 0.02116322801333285 -1.1039120717629478 -0.99413789060452 0.027395665754569982 0.10459126140479198 89.76910193743221
0.08960239166949957 -0.024363697988723766 0.9956795777896725 3.6576307544049222 0.02658686232368805 0.99940302029684 0.022062225031372857 -1.1017763269396488 -0.9956226946784976 0.02449516772484446 0.0901966551444397 89.80981465164535
0.07619066961954063 -0.02670989038456338 0.9967354531763033 4.1443722795238855 0.024691657857118056 0.9993851298283315 0.024893459186642885 -1.093796742159606 -0.996787491843261 0.022714401459316098 0.0768033337242081 89.84171462206234
0.0650320085869199 -0.031165612401078853 0.9973963818175882 4.642571555137043 0.024249594385492845 0.9992663579092724 0.029642927029522936 -1.0875366812564438 -0.9975884898249759 0.022258718615513658 0.06574005182767682 89.84311664203821
0.05500081140595323 -0.033741379246046865 0.9979160435984886 5.157614935902133 0.02511048410475102 0.9991595166603462 0.03239944220335876 -1.0808746131266267 -0.998170513656208 0.023276159340375264 0.05580184650752849 89.84818710871306
0.047953099766079914 -0.03638020088197734 0.9981868468411167 5.688030549191832 0.02579849133649304 0.9990482230991097 0.035172230058287866 -1.0690100497059682 -0.9985163684525014 0.024065097263455685 0.048846013410669124 89.85797631824954
0.04234394981069133 -0.03762026389837993 0.9983945641171356 6.234095853534444 0.02619946865634113 0.9989890079844952 0.036531490091150955 -1.0580749448469204 -0.9987595194823132 0.024610519506323234 0.04328677134037576 89.86827588464487
0.03687874877262997 -0.038306198907054084 0.9985852958131606 6.798032555975995 0.027277562858986946 0.998931300406844 0.03731208426188313 -1.0438761738164974 -0.9989473922351594 0.025862950194930838 0.037884236217395645 89.87591263038996
0.03116605603879325 -0.040188749950709195 0.998705933359958 7.381966431296508 0.027647109701847694 0.9988436656957886 0.0393315245640575 -1.0280819466487834 -0.9991317802352735 0.026385524000838843 0.03224112043773505 89.88778119312275
0.02673052782094426 -0.0424365770054821 0.9987415160162666 7.98446903876512 0.02822365502086919 0.99873226452457 0.04168080007493364 -1.0000514472387425 -0.9992441664476521 0.027073986217065277 0.02789435589221698 89.90314448565222
0.023442404773964975 -0.04312869788861057 0.9987944578725122 8.6021957551904 0.028600897336867864 0.9986890122625212 0.04245286159535888 -0.9588446340647607 -0.999315987228227 0.027571220584917306 0.02464519152935323 89.9269667156588
0.020319349807415062 -0.043349344582947175 0.998853321738298 9.241544309954072 0.028184079356598935 0.9986873820826799 0.04276880334617027 -0.9361899728627345 -0.9993962085650571 0.02728272700944376 0.021514439632570874 89.93905482599186
0.017542561036844186 -0.04492956871746835 0.9988361188939504 9.896042319422307 0.027590753562560293 0.9986311693391974 0.04443577322469399 -0.9186581006858247 -0.9994653615158984 0.02677912394177811 0.01875818889958267 89.95899358713922
0.01654790081870076 -0.049072200545949976 0.9986581427656172 10.56955275102244 0.027381515455303436 0.9984425499323794 0.048607891292447504 -0.8941338681352488 -0.9994880787632497 0.026540414806592267 0.017865799507125295 89.96831239310382
0.017651495123825925 -0.05247728739407533 0.9984661030939667 11.25513050159586 0.02774375374208587 0.9982628739543636 0.05197613503014948 -0.8612565344216536 -0.9994592081962018 0.026783741190023642 0.019076749190414768 89.97892151595038
0.020219220708133777 -0.05514877367899971 0.9982734073767847 11.962035349000427 0.027364254467824523 0.9981339967340224 0.054586831206683575 -0.8328864893762713 -0.9994210227383464 0.026213304359999513 0.02169059665279648 89.98927237297029
0.024419041038001722 -0.05708402071408073 0.9980707014104244 12.682955878751077 0.028629153071504106 0.997998861536837 0.05637946404131306 -0.7730373522210663 -0.9992917902340532 0.027197186440741632 0.026004442322706364 89.99921352933247
0.028561275248912995 -0.05798203084311507 0.9979089826509537 13.421001507735571 0.027798111719985658 0.9979762180491865 0.05719032429568416 -0.7459026933773065 -0.9992054436105448 0.02610655679232927 0.030115264426699644 90.03375425228833
0.03227767367974813 -0.05980346881527602 0.9976881761850651 14.1785245166398 0.026313857191793633 0.9979131398878565 0.05896563540613563 -0.7100507004188845 -0.9991324900640055 0.024349750652121027 0.03378397462801122 90.0741730984568
0.03631036603282007 -0.05980049427308794 0.9975497271831889 14.949181398790355 0.024905499979261943 0.9979520918287016 0.05891806586694952 -0.673050096514035 -0.9990301664060659 0.022705138172103324 0.03772536694639596 90.10249507730123
0.03988180066892278 -0.05636471124301776 0.9976133826798302 15.733782868081153 0.022494435796912605 0.9982053263017934 0.05549889098810874 -0.6364124558902712 -0.9989511711458019 0.02022735447910255 0.04107811822849185 90.16787368907328
0.04412545334780641 -0.05589630475117821 0.9974610506090013 16.527913922979664 0.021307374088676844 0.9982590686224165 0.05499843381907672 -0.6026227491452182 -0.9987987485856609 0.01882644491852883 0.04523963743703028 90.20141515987974
0.047737701233917705 -0.05331668269022644 0.9974359343976983 17.32684595493781 0.02209889293989426 0.9983863586944185 0.05230982416078317 -0.5647424867647186 -0.9986154168706384 0.019545079171276184 0.04883890937005392 90.27849238498035
